XLitho	YLitho	wavelength
8.389275E-006	1.400002E-005	483
8.563633E-006	1.400002E-005
     NaN	     NaN
1.182477E-006	1.380002E-005
1.376208E-006	1.380002E-005
     NaN	     NaN
8.234290E-006	1.380002E-005
8.796110E-006	1.380002E-005
     NaN	     NaN
7.982440E-006	1.360002E-005
8.815484E-006	1.360002E-005
     NaN	     NaN
1.027492E-006	1.360002E-005
1.492447E-006	1.360002E-005
     NaN	     NaN
9.500000E-007	1.340002E-005
1.569940E-006	1.340002E-005
     NaN	     NaN
7.711216E-006	1.340002E-005
7.943693E-006	1.340002E-005
     NaN	     NaN
8.350529E-006	1.340002E-005
8.699245E-006	1.340002E-005
     NaN	     NaN
7.343127E-006	1.320002E-005
7.633724E-006	1.320002E-005
     NaN	     NaN
1.589313E-006	1.320002E-005
1.860537E-006	1.320002E-005
     NaN	     NaN
1.046866E-006	1.320002E-005
1.550566E-006	1.320002E-005
     NaN	     NaN
1.163104E-006	1.300002E-005
1.376208E-006	1.300002E-005
     NaN	     NaN
1.899283E-006	1.300002E-005
2.209253E-006	1.300002E-005
     NaN	     NaN
6.975038E-006	1.300002E-005
7.226888E-006	1.300002E-005
     NaN	     NaN
6.684441E-006	1.280002E-005
6.936292E-006	1.280002E-005
     NaN	     NaN
2.402984E-006	1.280002E-005
2.712954E-006	1.280002E-005
     NaN	     NaN
2.906685E-006	1.260002E-005
3.236027E-006	1.260002E-005
     NaN	     NaN
6.703814E-006	1.260002E-005
6.858799E-006	1.260002E-005
     NaN	     NaN
6.645695E-006	1.240002E-005
6.858799E-006	1.240002E-005
     NaN	     NaN
4.069071E-006	1.240002E-005
5.541428E-006	1.240002E-005
     NaN	     NaN
3.332893E-006	1.240002E-005
3.662235E-006	1.240002E-005
     NaN	     NaN
3.797848E-006	1.220002E-005
5.870770E-006	1.220002E-005
     NaN	     NaN
6.684441E-006	1.220002E-005
6.878172E-006	1.220002E-005
     NaN	     NaN
6.684441E-006	1.200002E-005
6.878172E-006	1.200002E-005
     NaN	     NaN
3.662235E-006	1.200002E-005
5.948262E-006	1.200002E-005
     NaN	     NaN
1.325193E-005	1.180002E-005
3.662235E-006	1.180002E-005
     NaN	     NaN
5.948262E-006	1.160002E-005
1.334879E-005	1.160002E-005
     NaN	     NaN
3.642863E-006	1.160002E-005
5.928890E-006	1.160002E-005
     NaN	     NaN
1.163104E-006	1.160002E-005
1.298716E-006	1.160002E-005
     NaN	     NaN
1.008119E-006	1.140002E-005
1.492447E-006	1.140002E-005
     NaN	     NaN
5.928890E-006	1.140002E-005
3.681609E-006	1.140002E-005
     NaN	     NaN
1.317443E-005	1.140002E-005
1.332942E-005	1.140002E-005
     NaN	     NaN
6.858799E-006	1.120002E-005
1.334879E-005	1.120002E-005
     NaN	     NaN
5.948262E-006	1.120002E-005
9.887462E-007	1.120002E-005
     NaN	     NaN
5.948262E-006	1.100002E-005
1.046866E-006	1.100002E-005
     NaN	     NaN
6.723187E-006	1.100002E-005
1.329067E-005	1.100002E-005
     NaN	     NaN
6.703814E-006	1.080001E-005
6.878172E-006	1.080001E-005
     NaN	     NaN
3.662235E-006	1.080001E-005
5.890144E-006	1.080001E-005
     NaN	     NaN
1.201850E-006	1.080001E-005
1.395582E-006	1.080001E-005
     NaN	     NaN
3.720355E-006	1.060001E-005
5.948262E-006	1.060001E-005
     NaN	     NaN
6.665068E-006	1.060001E-005
6.897545E-006	1.060001E-005
     NaN	     NaN
1.332942E-005	1.040001E-005
6.723187E-006	1.040001E-005
     NaN	     NaN
3.720355E-006	1.040001E-005
5.987009E-006	1.040001E-005
     NaN	     NaN
3.778474E-006	1.020001E-005
5.870770E-006	1.020001E-005
     NaN	     NaN
6.820053E-006	1.020001E-005
1.331004E-005	1.020001E-005
     NaN	     NaN
1.315506E-005	1.000001E-005
1.331004E-005	1.000001E-005
     NaN	     NaN
3.681609E-006	1.000001E-005
5.696413E-006	1.000001E-005
     NaN	     NaN
3.236027E-006	9.800009E-006
3.604117E-006	9.800009E-006
     NaN	     NaN
1.331004E-005	9.800009E-006
6.723187E-006	9.800009E-006
     NaN	     NaN
6.665068E-006	9.600011E-006
1.331004E-005	9.600011E-006
     NaN	     NaN
2.674207E-006	9.600011E-006
3.139162E-006	9.600011E-006
     NaN	     NaN
2.170506E-006	9.400011E-006
2.596715E-006	9.400011E-006
     NaN	     NaN
6.645695E-006	9.400011E-006
6.820053E-006	9.400011E-006
     NaN	     NaN
1.332942E-005	9.200011E-006
6.703814E-006	9.200011E-006
     NaN	     NaN
1.821790E-006	9.200011E-006
2.189879E-006	9.200011E-006
     NaN	     NaN
1.104985E-006	9.200011E-006
1.376208E-006	9.200011E-006
     NaN	     NaN
1.008119E-006	9.000011E-006
1.686178E-006	9.000011E-006
     NaN	     NaN
6.781307E-006	9.000011E-006
1.332942E-005	9.000011E-006
     NaN	     NaN
1.313569E-005	8.800011E-006
1.331004E-005	8.800011E-006
     NaN	     NaN
1.046866E-006	8.800011E-006
1.550566E-006	8.800011E-006
     NaN	     NaN
1.182477E-006	8.600011E-006
1.356835E-006	8.600011E-006
     NaN	     NaN
6.703814E-006	8.600011E-006
1.329067E-005	8.600011E-006
     NaN	     NaN
1.331004E-005	8.400010E-006
6.684441E-006	8.400010E-006
     NaN	     NaN
6.684441E-006	8.200010E-006
6.820053E-006	8.200010E-006
     NaN	     NaN
6.645695E-006	8.000010E-006
1.334879E-005	8.000010E-006
     NaN	     NaN
6.703814E-006	7.800009E-006
1.332942E-005	7.800009E-006
     NaN	     NaN
1.315506E-005	7.600009E-006
1.331004E-005	7.600009E-006
     NaN	     NaN
1.315506E-005	7.400009E-006
1.331004E-005	7.400009E-006
     NaN	     NaN
1.356835E-006	7.200008E-006
1.311632E-005	7.200008E-006
     NaN	     NaN
1.221224E-006	7.000008E-006
1.492447E-006	7.000008E-006
     NaN	     NaN
1.531193E-006	7.000008E-006
1.329067E-005	7.000008E-006
     NaN	     NaN
1.279343E-006	6.800008E-006
1.434328E-006	6.800008E-006
     NaN	     NaN
1.298716E-006	6.600008E-006
1.473074E-006	6.600008E-006
     NaN	     NaN
4.863368E-006	6.600008E-006
6.587576E-006	6.600008E-006
     NaN	     NaN
8.195544E-006	6.600008E-006
9.919754E-006	6.600008E-006
     NaN	     NaN
7.924321E-006	6.400007E-006
1.011348E-005	6.400007E-006
     NaN	     NaN
4.650265E-006	6.400007E-006
6.800679E-006	6.400007E-006
     NaN	     NaN
1.298716E-006	6.400007E-006
1.473074E-006	6.400007E-006
     NaN	     NaN
1.259970E-006	6.200007E-006
1.473074E-006	6.200007E-006
     NaN	     NaN
4.088444E-006	6.200007E-006
1.011348E-005	6.200007E-006
     NaN	     NaN
3.914086E-006	6.000007E-006
1.022972E-005	6.000007E-006
     NaN	     NaN
1.259970E-006	6.000007E-006
1.434328E-006	6.000007E-006
     NaN	     NaN
1.279343E-006	5.800006E-006
1.473074E-006	5.800006E-006
     NaN	     NaN
3.642863E-006	5.800006E-006
3.952833E-006	5.800006E-006
     NaN	     NaN
4.650265E-006	5.800006E-006
6.800679E-006	5.800006E-006
     NaN	     NaN
7.943693E-006	5.800006E-006
1.009411E-005	5.800006E-006
     NaN	     NaN
1.019098E-005	5.800006E-006
1.042345E-005	5.800006E-006
     NaN	     NaN
1.177957E-005	5.600006E-006
1.327130E-005	5.600006E-006
     NaN	     NaN
1.036533E-005	5.600006E-006
1.061719E-005	5.600006E-006
     NaN	     NaN
8.195544E-006	5.600006E-006
9.900379E-006	5.600006E-006
     NaN	     NaN
4.863368E-006	5.600006E-006
6.568202E-006	5.600006E-006
     NaN	     NaN
3.468504E-006	5.600006E-006
3.720355E-006	5.600006E-006
     NaN	     NaN
1.279343E-006	5.600006E-006
1.473074E-006	5.600006E-006
     NaN	     NaN
1.279343E-006	5.400006E-006
1.453701E-006	5.400006E-006
     NaN	     NaN
3.255401E-006	5.400006E-006
3.526624E-006	5.400006E-006
     NaN	     NaN
1.057844E-005	5.400006E-006
1.083029E-005	5.400006E-006
     NaN	     NaN
1.160522E-005	5.400006E-006
1.352315E-005	5.400006E-006
     NaN	     NaN
1.145023E-005	5.200005E-006
1.367814E-005	5.200005E-006
     NaN	     NaN
1.075280E-005	5.200005E-006
1.098527E-005	5.200005E-006
     NaN	     NaN
3.061670E-006	5.200005E-006
3.352266E-006	5.200005E-006
     NaN	     NaN
1.298716E-006	5.200005E-006
1.453701E-006	5.200005E-006
     NaN	     NaN
1.279343E-006	5.000005E-006
1.473074E-006	5.000005E-006
     NaN	     NaN
2.829192E-006	5.000005E-006
3.139162E-006	5.000005E-006
     NaN	     NaN
1.098527E-005	5.000005E-006
1.117901E-005	5.000005E-006
     NaN	     NaN
1.137273E-005	5.000005E-006
1.375563E-005	5.000005E-006
     NaN	     NaN
1.117901E-005	4.800005E-006
1.375563E-005	4.800005E-006
     NaN	     NaN
2.674207E-006	4.800005E-006
2.926057E-006	4.800005E-006
     NaN	     NaN
1.259970E-006	4.800005E-006
1.473074E-006	4.800005E-006
     NaN	     NaN
1.221224E-006	4.600004E-006
1.511820E-006	4.600004E-006
     NaN	     NaN
2.499849E-006	4.600004E-006
2.790446E-006	4.600004E-006
     NaN	     NaN
1.133399E-005	4.600004E-006
1.373625E-005	4.600004E-006
     NaN	     NaN
1.129524E-005	4.400004E-006
1.377500E-005	4.400004E-006
     NaN	     NaN
2.267371E-006	4.400004E-006
2.577341E-006	4.400004E-006
     NaN	     NaN
1.221224E-006	4.400004E-006
1.492447E-006	4.400004E-006
     NaN	     NaN
1.221224E-006	4.200004E-006
1.453701E-006	4.200004E-006
     NaN	     NaN
2.093014E-006	4.200004E-006
2.383610E-006	4.200004E-006
     NaN	     NaN
4.824622E-006	4.200004E-006
6.665068E-006	4.200004E-006
     NaN	     NaN
8.079305E-006	4.200004E-006
9.977868E-006	4.200004E-006
     NaN	     NaN
1.131462E-005	4.200004E-006
1.375563E-005	4.200004E-006
     NaN	     NaN
1.129524E-005	4.000004E-006
1.375563E-005	4.000004E-006
     NaN	     NaN
7.885574E-006	4.000004E-006
1.011348E-005	4.000004E-006
     NaN	     NaN
4.611518E-006	4.000004E-006
6.839426E-006	4.000004E-006
     NaN	     NaN
1.899283E-006	4.000004E-006
2.151133E-006	4.000004E-006
     NaN	     NaN
1.259970E-006	4.000004E-006
1.492447E-006	4.000004E-006
     NaN	     NaN
1.279343E-006	3.800004E-006
1.375563E-005	3.800004E-006
     NaN	     NaN
1.298716E-006	3.600004E-006
1.375563E-005	3.600004E-006
     NaN	     NaN
1.957402E-006	3.400004E-006
2.209253E-006	3.400004E-006
     NaN	     NaN
4.611518E-006	3.400004E-006
6.761933E-006	3.400004E-006
     NaN	     NaN
7.885574E-006	3.400004E-006
1.003599E-005	3.400004E-006
     NaN	     NaN
1.129524E-005	3.400004E-006
1.373625E-005	3.400004E-006
     NaN	     NaN
1.129524E-005	3.200003E-006
1.373625E-005	3.200003E-006
     NaN	     NaN
8.118052E-006	3.200003E-006
9.900379E-006	3.200003E-006
     NaN	     NaN
4.902114E-006	3.200003E-006
6.510083E-006	3.200003E-006
     NaN	     NaN
2.151133E-006	3.200003E-006
2.402984E-006	3.200003E-006
     NaN	     NaN
2.344864E-006	3.000003E-006
2.654834E-006	3.000003E-006
     NaN	     NaN
1.133399E-005	3.000003E-006
1.371688E-005	3.000003E-006
     NaN	     NaN
1.133399E-005	2.800003E-006
1.373625E-005	2.800003E-006
     NaN	     NaN
2.557969E-006	2.800003E-006
2.829192E-006	2.800003E-006
     NaN	     NaN
2.712954E-006	2.600002E-006
3.042296E-006	2.600002E-006
     NaN	     NaN
1.127587E-005	2.600002E-006
1.373625E-005	2.600002E-006
     NaN	     NaN
1.146960E-005	2.400002E-006
1.373625E-005	2.400002E-006
     NaN	     NaN
1.106276E-005	2.400002E-006
1.129524E-005	2.400002E-006
     NaN	     NaN
2.887311E-006	2.400002E-006
3.216654E-006	2.400002E-006
     NaN	     NaN
3.100416E-006	2.200002E-006
3.410386E-006	2.200002E-006
     NaN	     NaN
1.077217E-005	2.200002E-006
1.100465E-005	2.200002E-006
     NaN	     NaN
1.150834E-005	2.200002E-006
1.362001E-005	2.200002E-006
     NaN	     NaN
1.172145E-005	2.000002E-006
1.329067E-005	2.000002E-006
     NaN	     NaN
1.053969E-005	2.000002E-006
1.079154E-005	2.000002E-006
     NaN	     NaN
8.098678E-006	2.000002E-006
9.803508E-006	2.000002E-006
     NaN	     NaN
4.805249E-006	2.000002E-006
6.587576E-006	2.000002E-006
     NaN	     NaN
3.255401E-006	2.000002E-006
3.584743E-006	2.000002E-006
     NaN	     NaN
3.429758E-006	1.800001E-006
3.720355E-006	1.800001E-006
     NaN	     NaN
4.689011E-006	1.800001E-006
6.781307E-006	1.800001E-006
     NaN	     NaN
7.924321E-006	1.800001E-006
1.005537E-005	1.800001E-006
     NaN	     NaN
1.032659E-005	1.800001E-006
1.057844E-005	1.800001E-006
     NaN	     NaN
3.642863E-006	1.600001E-006
1.034596E-005	1.600001E-006
     NaN	     NaN
3.914086E-006	1.400001E-006
1.007474E-005	1.400001E-006
     NaN	     NaN
7.943693E-006	1.200000E-006
1.007474E-005	1.200000E-006
     NaN	     NaN
4.572772E-006	1.200000E-006
6.820053E-006	1.200000E-006
     NaN	     NaN
4.824622E-006	1.000000E-006
6.606948E-006	1.000000E-006
     NaN	     NaN
8.001813E-006	1.000000E-006
9.977868E-006	1.000000E-006
     NaN	     NaN
