XLitho	YLitho	wavelength
0.000000E+000	1.312500E-005	225
1.500000E-005	1.312500E-005
     NaN	     NaN
1.500000E-005	1.295000E-005
0.000000E+000	1.295000E-005
     NaN	     NaN
0.000000E+000	1.277500E-005
1.500000E-005	1.277500E-005
     NaN	     NaN
1.500000E-005	1.260000E-005
0.000000E+000	1.260000E-005
     NaN	     NaN
0.000000E+000	1.242500E-005
1.500000E-005	1.242500E-005
     NaN	     NaN
1.500000E-005	1.225000E-005
0.000000E+000	1.225000E-005
     NaN	     NaN
0.000000E+000	1.207500E-005
1.500000E-005	1.207500E-005
     NaN	     NaN
1.500000E-005	1.190000E-005
0.000000E+000	1.190000E-005
     NaN	     NaN
0.000000E+000	1.172500E-005
1.500000E-005	1.172500E-005
     NaN	     NaN
1.500000E-005	1.155000E-005
0.000000E+000	1.155000E-005
     NaN	     NaN
0.000000E+000	1.137500E-005
1.500000E-005	1.137500E-005
     NaN	     NaN
1.500000E-005	1.120000E-005
0.000000E+000	1.120000E-005
     NaN	     NaN
0.000000E+000	1.102500E-005
1.500000E-005	1.102500E-005
     NaN	     NaN
1.500000E-005	1.085000E-005
0.000000E+000	1.085000E-005
     NaN	     NaN
0.000000E+000	1.067500E-005
1.500000E-005	1.067500E-005
     NaN	     NaN
1.500000E-005	1.050000E-005
0.000000E+000	1.050000E-005
     NaN	     NaN
0.000000E+000	1.032500E-005
1.500000E-005	1.032500E-005
     NaN	     NaN
1.500000E-005	1.015000E-005
0.000000E+000	1.015000E-005
     NaN	     NaN
0.000000E+000	9.975000E-006
1.500000E-005	9.975000E-006
     NaN	     NaN
1.500000E-005	9.800000E-006
0.000000E+000	9.800000E-006
     NaN	     NaN
0.000000E+000	9.625000E-006
1.500000E-005	9.625000E-006
     NaN	     NaN
1.500000E-005	9.450000E-006
0.000000E+000	9.450000E-006
     NaN	     NaN
0.000000E+000	9.275000E-006
1.500000E-005	9.275000E-006
     NaN	     NaN
1.500000E-005	9.100000E-006
0.000000E+000	9.100000E-006
     NaN	     NaN
0.000000E+000	8.925000E-006
1.500000E-005	8.925000E-006
     NaN	     NaN
1.500000E-005	8.750000E-006
0.000000E+000	8.750000E-006
     NaN	     NaN
0.000000E+000	8.575000E-006
1.500000E-005	8.575000E-006
     NaN	     NaN
1.500000E-005	8.400000E-006
0.000000E+000	8.400000E-006
     NaN	     NaN
0.000000E+000	8.225000E-006
1.500000E-005	8.225000E-006
     NaN	     NaN
1.500000E-005	8.050000E-006
0.000000E+000	8.050000E-006
     NaN	     NaN
0.000000E+000	7.875000E-006
1.500000E-005	7.875000E-006
     NaN	     NaN
1.500000E-005	7.700000E-006
0.000000E+000	7.700000E-006
     NaN	     NaN
0.000000E+000	7.525000E-006
1.500000E-005	7.525000E-006
     NaN	     NaN
1.500000E-005	7.350000E-006
0.000000E+000	7.350000E-006
     NaN	     NaN
0.000000E+000	7.175000E-006
1.500000E-005	7.175000E-006
     NaN	     NaN
1.500000E-005	7.000000E-006
0.000000E+000	7.000000E-006
     NaN	     NaN
0.000000E+000	6.825000E-006
1.500000E-005	6.825000E-006
     NaN	     NaN
1.500000E-005	6.650000E-006
0.000000E+000	6.650000E-006
     NaN	     NaN
0.000000E+000	6.475000E-006
1.500000E-005	6.475000E-006
     NaN	     NaN
1.500000E-005	6.300000E-006
0.000000E+000	6.300000E-006
     NaN	     NaN
0.000000E+000	6.125000E-006
1.500000E-005	6.125000E-006
     NaN	     NaN
1.500000E-005	5.950000E-006
0.000000E+000	5.950000E-006
     NaN	     NaN
0.000000E+000	5.775000E-006
1.500000E-005	5.775000E-006
     NaN	     NaN
1.500000E-005	5.600000E-006
0.000000E+000	5.600000E-006
     NaN	     NaN
0.000000E+000	5.425000E-006
1.500000E-005	5.425000E-006
     NaN	     NaN
1.500000E-005	5.250000E-006
0.000000E+000	5.250000E-006
     NaN	     NaN
0.000000E+000	5.075000E-006
1.500000E-005	5.075000E-006
     NaN	     NaN
1.500000E-005	4.900000E-006
0.000000E+000	4.900000E-006
     NaN	     NaN
0.000000E+000	4.725000E-006
1.500000E-005	4.725000E-006
     NaN	     NaN
1.500000E-005	4.550000E-006
0.000000E+000	4.550000E-006
     NaN	     NaN
0.000000E+000	4.375000E-006
1.500000E-005	4.375000E-006
     NaN	     NaN
1.500000E-005	4.200000E-006
0.000000E+000	4.200000E-006
     NaN	     NaN
0.000000E+000	4.025000E-006
1.500000E-005	4.025000E-006
     NaN	     NaN
1.500000E-005	3.850000E-006
0.000000E+000	3.850000E-006
     NaN	     NaN
0.000000E+000	3.675000E-006
1.500000E-005	3.675000E-006
     NaN	     NaN
1.500000E-005	3.500000E-006
0.000000E+000	3.500000E-006
     NaN	     NaN
0.000000E+000	3.325000E-006
1.500000E-005	3.325000E-006
     NaN	     NaN
1.500000E-005	3.150000E-006
0.000000E+000	3.150000E-006
     NaN	     NaN
0.000000E+000	2.975000E-006
1.500000E-005	2.975000E-006
     NaN	     NaN
1.500000E-005	2.800000E-006
0.000000E+000	2.800000E-006
     NaN	     NaN
0.000000E+000	2.625000E-006
1.500000E-005	2.625000E-006
     NaN	     NaN
1.500000E-005	2.450000E-006
0.000000E+000	2.450000E-006
     NaN	     NaN
0.000000E+000	2.275000E-006
1.500000E-005	2.275000E-006
     NaN	     NaN
1.500000E-005	2.100000E-006
0.000000E+000	2.100000E-006
     NaN	     NaN
0.000000E+000	1.925000E-006
1.500000E-005	1.925000E-006
     NaN	     NaN
1.500000E-005	1.750000E-006
0.000000E+000	1.750000E-006
     NaN	     NaN
0.000000E+000	1.575000E-006
1.500000E-005	1.575000E-006
     NaN	     NaN
1.500000E-005	1.400000E-006
0.000000E+000	1.400000E-006
     NaN	     NaN
0.000000E+000	1.225000E-006
1.500000E-005	1.225000E-006
     NaN	     NaN
1.500000E-005	1.050000E-006
0.000000E+000	1.050000E-006
     NaN	     NaN
0.000000E+000	8.750000E-007
1.500000E-005	8.750000E-007
     NaN	     NaN
1.500000E-005	7.000000E-007
0.000000E+000	7.000000E-007
     NaN	     NaN
0.000000E+000	5.250000E-007
1.500000E-005	5.250000E-007
     NaN	     NaN
1.500000E-005	3.500000E-007
0.000000E+000	3.500000E-007
     NaN	     NaN
0.000000E+000	1.750000E-007
1.500000E-005	1.750000E-007
     NaN	     NaN
